layout_spectrum: 0.9516129
typography_spectrum: 0.1612903
color:
  saturation: 1
  lightness: 0.7365592
  brandStrength: 0.3655914
  rhythmicContrast: 0.7114695
name: Joris Swinkels
