layout_spectrum: 0.9516129
color:
  saturation: 1
  brandStrength: 0.3655914
  lightness: 0.3763441
  rhythmicContrast: 0.7114695
typography_spectrum: 0.1612903
name: Joris Swinkels
